0 1 2 3 4 5 7 8 10 12 
0 1 2 4 5 6 7 12 13 14 15 16 
0 2 3 6 7 8 9 14 15 17 18 19 20 21 
0 1 2 3 4 6 7 9 11 14 16 
0 1 2 3 4 5 6 7 8 9 10 11 13 14 15 16 18 20 21 
0 1 2 3 4 5 6 7 11 12 13 14 15 17 
0 1 2 3 5 6 7 9 14 15 16 
0 1 2 3 6 7 9 15 16 
0 1 2 3 4 8 9 19 20 
0 1 2 3 4 5 6 8 9 15 19 
0 1 2 3 4 5 6 7 8 9 10 11 12 14 15 16 17 
0 
0 1 2 3 4 5 6 7 8 9 11 12 13 14 15 16 18 
0 1 2 3 4 5 6 8 9 10 11 12 15 19 20 21 
0 1 2 3 6 7 8 9 16 17 18 20 21 
0 1 2 3 5 6 7 8 9 12 15 18 19 20 21 
0 1 4 5 10 12 13 
0 2 3 8 9 18 19 
0 1 2 3 4 5 6 7 9 10 12 13 14 15 
0 1 2 3 6 7 9 17 20 21 
0 1 2 6 7 
0 1 2 6 7 14 15 
0 1 2 3 4 5 6 7 8 11 12 14 15 17 
0 1 2 3 4 6 7 9 10 15 16 17 21 
0 1 2 3 7 8 9 16 18 20 
0 1 3 4 5 8 9 10 11 12 20 21 
0 1 2 3 4 5 7 8 9 10 18 19 20 
0 1 2 3 4 5 6 8 9 10 11 12 13 14 15 19 
0 1 2 3 5 6 7 12 13 14 
0 2 3 6 9 14 15 20 21 
0 1 2 3 4 6 7 11 15 16 
0 1 2 5 6 7 13 17 
0 1 2 3 4 5 6 7 8 9 14 15 21 
0 1 2 3 5 6 8 15 
0 1 2 3 4 5 8 9 10 11 12 13 19 20 21 
0 1 2 3 4 5 6 7 8 9 10 11 13 14 16 17 20 
0 1 2 3 5 6 9 20 21 
0 2 3 6 7 14 15 16 
0 1 2 3 4 5 8 9 19 20 21 
0 1 4 5 10 11 12 13 
0 1 3 4 5 12 
0 1 2 3 5 6 9 15 20 21 
0 1 2 3 4 5 7 8 9 10 11 12 16 17 20 
0 1 2 3 5 6 7 9 14 20 
0 2 3 6 8 
0 1 2 3 4 6 7 8 10 11 14 15 16 17 19 
0 1 2 3 4 5 6 7 8 9 10 11 12 13 14 16 17 20 
0 1 2 3 4 5 6 7 9 10 11 12 13 14 15 20 21 
0 2 3 6 7 9 14 15 16 17 20 
0 1 
0 2 3 6 7 9 14 15 17 20 21 
0 1 2 3 4 6 7 8 9 16 19 21 
0 1 2 3 4 5 6 7 8 10 12 14 15 16 17 18 19 
0 1 2 3 4 5 6 8 9 13 14 15 18 20 
0 1 2 3 4 5 6 10 12 13 14 
0 1 2 3 5 8 9 12 
0 3 8 9 18 21 
0 2 3 6 7 9 14 16 17 
0 1 2 3 6 7 17 
0 1 2 5 7 12 
0 1 2 3 4 5 6 7 8 9 12 15 16 19 20 21 
0 1 2 3 4 5 6 8 9 11 13 
0 2 3 7 8 9 18 19 20 
0 1 2 3 4 5 6 9 12 13 14 15 
0 1 2 3 5 7 8 9 12 16 21 
0 1 2 3 5 6 7 8 9 13 15 18 20 
0 1 2 3 4 5 6 7 8 9 11 14 15 16 17 18 19 
0 1 3 8 9 18 19 
0 1 2 3 4 5 6 9 10 11 12 13 
0 1 2 5 6 7 12 15 16 17 
0 2 3 6 7 8 9 14 15 16 17 18 20 
0 1 2 3 4 5 7 8 10 11 19 
0 1 2 3 4 6 7 9 10 15 16 17 
0 1 3 5 8 9 18 19 20 21 
0 1 2 3 4 6 7 8 9 10 14 15 17 18 19 21 
0 1 2 3 4 6 9 20 
0 2 3 7 8 9 17 18 19 20 
0 1 3 4 
0 1 2 3 4 5 6 7 8 9 11 12 13 15 16 17 18 19 
0 1 2 3 4 5 7 8 9 10 11 12 13 17 18 20 
0 1 2 3 4 5 6 7 8 9 10 11 12 13 14 15 20 21 
0 1 2 3 4 6 7 8 9 11 14 15 16 
0 1 2 3 4 5 6 7 8 9 11 14 17 18 
0 1 2 4 6 7 11 14 16 17 
0 1 2 3 4 6 7 8 9 11 15 16 17 20 21 
0 1 3 4 5 8 9 12 18 19 20 21 
0 1 2 3 5 7 8 9 13 19 20 
0 1 2 3 7 8 9 16 19 21 
0 1 2 3 4 5 6 8 9 13 14 19 20 21 
0 1 2 3 6 8 9 14 21 
0 2 3 6 15 
0 1 2 3 5 6 7 8 9 12 13 15 16 17 18 19 20 
0 1 2 3 4 5 6 7 8 10 11 12 13 14 16 17 
0 1 2 3 7 9 17 
0 1 2 3 4 5 6 7 9 10 11 12 13 14 15 16 17 
0 1 2 3 4 5 6 9 11 12 13 15 
0 1 3 4 5 8 9 12 18 20 
0 2 3 6 7 8 9 14 15 16 17 20 21 
0 1 3 4 8 9 18 21 
0 2 3 6 7 8 9 14 16 17 19 20 