1 4 5 10 13 
0 1 3 4 5 9 21 
0 1 4 5 10 11 13 
0 1 3 4 5 8 10 11 13 
0 1 5 12 13 
1 4 10 11 
0 1 3 4 5 8 9 10 11 12 13 18 19 20 
1 5 12 13 
0 1 2 4 6 7 11 14 15 
0 1 2 3 4 5 6 8 9 10 11 12 13 14 15 20 21 
1 4 5 10 11 12 
0 1 2 3 5 7 8 12 13 16 18 
0 1 2 3 8 9 18 19 
1 4 5 10 11 13 
0 1 3 4 5 11 13 
0 1 
0 1 2 3 4 5 10 13 
0 1 2 3 5 6 7 8 9 12 13 17 19 20 
1 4 5 10 11 12 
0 1 2 3 4 5 6 8 9 12 14 15 18 19 20 21 
0 1 2 3 4 5 7 9 10 11 12 13 16 20 21 
1 5 12 13 
0 1 2 4 5 11 
0 1 2 3 4 5 8 10 11 12 13 
0 1 2 3 4 5 6 10 11 12 13 14 
0 1 4 5 10 11 12 13 
0 1 3 4 9 10 
0 1 2 3 4 5 6 7 9 10 12 13 15 17 20 
0 1 2 4 5 6 7 10 12 13 14 17 
0 1 2 3 4 5 8 9 10 11 20 21 
1 4 5 12 13 
0 1 2 3 4 5 6 8 9 10 11 12 13 14 15 18 19 
0 1 2 4 5 6 7 11 12 13 14 15 16 
0 1 2 3 4 5 6 9 11 12 13 20 
0 1 3 4 5 10 13 
1 4 5 10 11 12 13 
0 1 2 3 6 7 8 14 16 17 18 
0 1 4 5 10 11 12 
0 1 2 3 4 5 7 8 12 13 16 17 18 19 
0 1 2 4 5 10 12 13 
0 1 4 5 10 11 13 
0 1 2 3 4 7 8 9 16 17 18 19 20 21 
0 1 2 3 4 5 6 9 10 20 21 
0 1 3 4 5 8 9 10 12 13 19 20 21 
0 1 2 3 4 5 6 10 11 12 13 14 15 
0 1 2 4 5 7 11 13 
0 1 2 3 4 5 6 8 9 10 11 12 13 15 18 
1 5 12 13 
0 1 2 3 4 5 6 8 9 10 11 12 13 15 19 21 
0 1 4 5 10 11 12 13 
0 1 3 4 5 8 9 10 11 12 13 19 21 
0 1 3 4 5 10 11 
0 1 2 3 4 5 6 7 8 9 10 11 13 16 17 19 20 
0 1 2 4 5 7 11 13 
1 4 10 11 
0 1 4 11 
0 1 2 4 5 6 7 11 12 13 15 16 
0 1 3 4 5 12 13 
0 1 2 3 4 5 6 10 11 12 
1 4 10 11 
0 1 2 3 4 10 11 
0 1 2 4 11 
0 1 3 4 5 8 9 11 18 19 20 21 
0 1 2 3 4 5 6 7 9 14 15 20 
1 4 10 11 
0 1 2 4 5 6 7 11 13 17 
0 1 3 4 5 
0 1 2 3 4 6 9 10 11 
0 1 4 5 10 11 12 
0 1 2 3 4 5 6 8 9 10 12 18 19 21 
0 1 3 4 5 8 12 13 19 
0 1 3 5 9 20 21 
1 4 5 10 11 13 
0 1 3 4 10 
0 1 3 4 5 8 10 12 19 
0 1 2 3 4 5 7 10 16 
0 1 2 3 4 5 7 8 9 10 11 12 13 16 18 19 20 21 
0 1 2 3 4 5 8 9 10 11 12 13 18 20 21 
0 1 2 3 4 5 6 8 9 10 
0 1 3 4 5 9 10 11 12 13 
0 1 2 3 4 5 8 9 10 13 18 19 20 21 
0 1 2 3 4 6 7 8 9 10 11 14 15 16 17 19 20 
1 4 5 10 11 
0 1 2 3 4 5 9 11 12 
0 1 2 3 4 5 8 9 10 13 18 21 
0 1 2 3 5 9 13 20 21 
0 1 3 4 5 10 11 12 13 
0 1 2 3 4 5 6 8 10 11 13 14 
0 1 2 3 5 6 8 14 18 
0 1 3 4 5 8 10 11 12 13 
0 1 2 3 4 5 7 8 9 10 11 13 16 17 18 19 21 
1 5 12 
0 1 2 3 4 5 6 7 10 11 12 14 15 16 17 
1 4 5 10 12 
1 4 5 10 12 
0 1 3 8 9 20 
0 1 5 
0 1 3 4 5 9 10 12 13 
0 1 2 3 4 5 7 8 9 12 18 20 21 
0 1 2 3 4 5 6 7 8 10 11 13 15 